-5.0929128469116351,-7.6974761032312342,26.628027701509676,4.0112072581586729,-0.8752938670140421,0.23096645294125559,-0.41560460031474833
31.231802942068857,2.4595784910924365,-19.934913325562061,4.4769098568441228,-0.40666261801760978,-1.2327457186214463,-0.21169645247268781
3.1733553837536568,0.66651755842071314,-13.916093998783047,0.25062354044495444,0.010919367217283456,-0.019414192593333796,1.0837468952523439
24.240301669223804,15.778734677725311,-22.335700263537635,0.58784791052491736,-0.8619921050097531,-2.0929285200944556,0.66296850062873158
14.001961364207745,-22.645825999425593,-6.8703126381065491,3.3650603549067721,-0.1523242948888695,0.088919016315305952,-1.3554222404970135
-14.077308105091182,-11.766770123186356,0.016240946679519936,3.9866474115805204,-1.1425858884276232,0.14993932243578303,0.21025922849258044
-7.5080282228035387,-5.0102485646971484,20.816592789061787,2.1884874984103488,-0.23205299913484717,0.26587254876753197,1.6537280678838526
-4.7703842503216833,6.7000623067766991,-24.331308403593344,4.6860945459777819,-0.91495508896268307,0.26671571252524212,1.2402114110518305
3.051868081741941,11.048709346865156,1.9580792701949867,1.9403023247722657,0.77224355380854626,-0.38408492972685682,-0.11381666323663413
-9.3216125148024496,16.658710523996092,23.024215790610793,1.5091766157627047,1.5152894250328606,0.15472520630564662,-0.18569042525805332
2.3790131601137383,25.351700715950244,20.88011605565092,5.8368458642880174,0.53975793453137155,0.67553820168052425,-0.23633039302833583
4.4730670631422633,5.5468074388042901,15.747532584709118,0.74790329798552191,0.29790718172974295,-1.3932353868727365,-0.41202095205990191
9.7902230576771281,-16.532586325933476,-2.870132987555428,1.4455149545563462,-1.7550986878659705,-0.55459012844075761,0.45961045054488842
19.080626810482379,-22.164561552253168,-0.17853438341998429,2.5098726293074956,-0.2620063747311232,-0.56816677924837133,0.64508725243385168
-11.522517788102597,5.892379647776087,12.136233511750104,1.9486075941264644,-1.0891343111320286,1.2236391930585786,-0.54648768023349825
19.550714422071522,26.100530777746176,20.617763509018701,1.7255862191793963,-0.46718253600190512,1.5880343648925197,0.81032929123094577
-8.1357436919816291,1.2464152384518492,9.7634573624582845,3.1391972469178548,0.025143578118666125,-0.92301041758520219,2.6316227422279246
-6.5114467931790543,-6.80573716552317,-13.215907393181274,2.0538984362497641,-0.16205767184568373,0.63590842683330062,0.26350361819369295
11.859633640966406,-19.02056085150647,13.178003826230444,2.0888681880661024,0.63066152261776875,-0.2936351268991253,1.0391171250397422
-8.7075737343915467,36.425073867664736,-8.9822870838745423,2.6463607175544679,-0.26328185582949082,0.38560308798867909,-0.1877489132347232
3.7367505082027077,15.410963435895866,-22.40354041775732,0.54017716156774032,0.090283119978598711,-0.72756523492558389,1.0143710306305003
-14.256379692216857,1.7708036967725489,-6.1366090746461177,4.7946830528010125,0.13656819496128392,0.72599270893630063,0.65084875072979853
-7.9105395441338038,-8.4781977656240795,-0.13408673854933784,0.91084100389458578,-1.9525515078154421,-1.033013420976683,0.48788252198558901
-10.300075888550706,22.191904185409758,-13.6120158351222,2.3860743602819894,-0.99773374602040799,-1.1441147434718186,-1.1338937211658091
19.707102494904785,15.19203764983965,3.5014132060328969,5.3572855993128661,-0.48445751758231353,2.0266942957993677,-0.68756487446147063
-8.0241677308998423,-0.38664696280285077,17.533788602855243,5.7585508711005442,-0.63529335495506356,0.99241090277659361,-0.065281114895979972
14.866785293212857,-1.7815085832886686,12.340315560058468,4.4821904592266364,0.20675619740043208,0.16994843553672501,0.91006926435451985
-6.8573643952845096,22.215202928899572,24.790221587488205,4.6887598892444817,-0.52796354739916895,0.98897111717205832,0.72065784893136742
-12.67213212803539,14.375598339897103,35.572645595092141,3.4194711218837495,0.3228943158018624,-1.4535630274780689,-0.31357703440184909
-5.1162929213586708,-8.1627161638597308,-14.572799709002455,4.5798295639445277,-1.3519293347378398,0.56426958374647074,0.71373394142592372
-0.48783444640603474,-34.68027495631636,-9.4900515543340394,3.4661010257580593,-2.0989569615826587,-1.9488186750855663,0.26187013777690965
-25.531336628070264,-9.5143360395168131,-2.6742558375950667,1.057405331276126,0.72052698063332032,0.61088587580356812,0.37046387808740788
-7.8584114425590075,20.008464625565473,-24.837524666587036,6.2331337143730163,-0.42307571739587707,-1.5682794854074587,-0.19716808919718495
-14.277915755029703,-24.960585240965081,-2.5859937233689152,3.4672635008674653,0.12005274099055351,-1.0933920933023864,-0.87296351943850237
-16.765473967125082,-9.0984465716398049,24.826582055338907,1.9910755172013783,-0.7499629211984109,0.32745468558634377,1.4199472828490902
-6.4755221733584998,-1.5270081846388639,0.30767661850176858,5.4776070635034069,-0.017563082422261869,2.1628069250255306,-2.0829943549723686
1.186317870070585,7.1136033335531499,6.5091982567377675,4.1859722999442761,1.6809438759685726,1.6481020097655161,0.44113565984239028
-11.600235687012523,-1.6096081718079152,-9.3290301651952579,3.8412842398135947,-0.83914889525886294,-1.2971190556920633,-0.15866515588260999
-26.058784243398254,1.884168995539516,4.6745862797464657,4.3272006221952841,-0.64298887389601167,0.46259388473964619,0.70323744503257801
-4.0374851732929367,9.410709253622942,-40.230730281855251,5.9796673341636275,0.51002859573822334,0.43153661440755231,2.3601741240173304
13.033258313897505,-10.915270360423801,-23.650511380270782,0.41457125925431026,-2.7073213070731241,-1.1429602416669553,-1.0142153831505805
-13.891861460134646,-17.828449678413882,-7.0624673517805885,3.3155891430043538,-0.7199880524580643,-0.2704820174236352,-1.1241254827756273
5.1750461159939798,9.0500147995596887,-19.700811106346158,3.3731096070742019,0.73425597192976055,0.33300292640940482,-1.2073221835093926
-11.843058694357831,23.212874786855647,22.04639888355376,1.4277869772247442,0.66244346149120803,-0.79114363139702881,-0.71527060020859556
8.2205263581047259,13.007995777912727,-16.997307929192321,5.6374003025838819,-0.26484361508580884,0.37156771779749709,-0.26311250013027848
-1.000217646550887,-0.11371828115639372,-12.681228699405732,2.104631937940538,0.046108182801894153,-0.62872254995593591,-0.28586131244946172
14.372464587112717,2.82344508558548,0.30899762285638388,0.30667933526422775,-1.9298333633268974,-0.094594291650143936,-0.11758908246934126
16.362921586088021,12.597862539342314,28.689201410605495,0.20940857910277386,2.2922746011218615,-1.1933643040714983,0.2157046913757053
-30.486869885475375,0.70798588611046342,10.31233436224734,2.186824615799273,-1.1223841347009222,1.8019818262196883,0.16480935310299974
2.2019468929169683,-1.6658652203660591,-5.0424267725835481,5.6094448712213829,0.41274933622276905,1.269583035170377,1.1516906329917458
-15.246696125595983,-0.33724831420294216,33.222651164703372,6.1928201286287115,-0.67261903791603295,-0.8653904425189779,-0.68281920753908287
0.49644775567529492,15.458895281741906,3.0047833426432913,4.8571716328155148,1.7897254974651524,-0.31182529387257352,-1.2057523777993155
-18.234279586983551,15.904281098303336,-7.0539377849200298,4.243876668485334,1.3053829733646969,-0.86212896742846534,1.3498837220204738
-14.270057768956526,-15.696297058982585,-21.424809944271281,1.617695160410058,-0.14618862816912351,-0.41794586679791224,-2.4798648479494427
11.509024878464258,-8.4316945477501726,0.019641205870370649,0.21805240120575703,1.3396494864184363,-0.43208687206442475,-1.7083162901400195
3.6818521591692024,7.8718316570682374,-28.718823162466673,0.2889681710719833,-1.2236447988193258,-1.3634082899282478,0.54776355301325608
15.946385191421689,24.198319114680707,1.0176474053393292,5.6430079732317253,-0.94098926991791743,-0.022384063911962591,-0.33914006328045748
20.666364276558156,-15.842123131990068,-0.048336789641262624,6.2165641087988153,0.67730171992981592,0.12442744321150594,0.31394224086589922
-16.192362297948748,14.350381530673381,4.9178446532331872,3.7596975264179728,1.4370227257577262,1.9684321920417891,-0.17128406737249402
10.009325837841377,13.258895105813764,-5.8032353795950584,0.95685414996496976,-0.96108478295555211,1.0224513103333539,-0.2187754823474789
18.649040576739335,21.937673075246114,-5.4726900978425466,4.1242815807664295,0.57098311992618977,1.7775275300279565,1.9251182246319818
17.507285475267871,2.1718189829857431,9.4798051594881763,2.09561611640969,-0.76691444081409432,0.6330973972389291,0.64584169238038225
-25.692157580541551,-4.9438801372423962,17.38116762771039,0.52371560229537706,1.9091820428069179,0.76338402449419285,0.35991806800709097
16.206910385742873,-6.1440466671622032,8.7547564464699548,0.76425133353801566,-0.72223832065765581,-0.3866514434272354,0.53542824927808996
11.390905792604739,-7.3424076509399843,-4.3539654407008523,1.6089230400550791,0.19516316518815927,-0.2618911975025246,0.12810236109181689
-15.101514107689088,18.861897292630019,16.203901336504646,1.2203089770626405,-0.84102944988798867,-0.5368850440597347,0.42981541447666577
-1.6765799187679205,-18.950433978051091,2.5355806806297396,1.1327839937815307,-0.88495017426254596,-0.10537025310838971,0.56248064435786038
7.1409804824005967,9.5845729031772855,-17.552012661452828,3.5178817002939429,-0.45506386465441756,-1.1091268933454363,0.36648805376668941
-11.388703530003855,-9.5227428401271101,32.727805882128564,4.4658125276181551,-0.2607299683266372,-0.51869316160497192,-0.62908685639844675
-14.100132273784286,6.2318681200107697,0.3099951149030073,4.1687936741247311,-0.59255687971719173,0.0074152355929065902,1.7327511788854211
22.469822413053297,9.4258398983093841,22.644742860228273,0.62592235690922338,-0.6983138171494776,-0.75485733347053652,0.25448918028362855
7.6551432093618867,-8.6905651201199614,-24.081631155226159,3.9754020903945659,-1.3259976650291756,0.16105479522240274,-0.012500474085861189
9.716306774106533,24.971510032137214,-15.736427150721331,1.871780379138545,0.64716518663283329,0.30590877240125741,1.0866210141788746
-5.6430476732753769,-0.46914803247198117,1.9795673015010584,3.615464724141074,1.0801471903288369,-0.88073680439453228,1.3277632503950192
-32.372596226143386,-29.955828954685774,-0.72393050630294631,3.0126594756282103,0.23415753256913943,-0.091126569007249636,-0.18723602151833901
-7.0996100475577597,9.2395690397403776,13.674372832090903,2.9010085562771835,0.43519937207334558,-0.85721940534453445,1.7991199984528146
-18.137383460980008,8.896012439915765,-2.9596941883793288,1.3684198664561298,0.1779764466620351,1.265200109126535,-0.75983953467230925
-5.8121202990559873,-11.275589886833675,7.8905146211270161,2.5008581433964068,-2.2024267405239764,0.16509293790920271,0.070423824783652181
14.203542302533698,9.4231085360871543,16.886380505113134,4.809500482442818,-0.95100471003370823,1.0791850635518334,-0.47354717892340903
18.368847287047569,-23.687405815567235,8.0693548858923592,3.409928002554635,-1.0361346339552686,-2.0188731208231658,-1.1169798182112252
5.7225966307634692,-9.382588292301163,-2.2779630748488482,5.7309675030576006,-1.3677671172827217,2.2809070644597043,-1.975888946513144
-15.265788230479673,-3.4663648197368198,-7.8670549462628987,5.1037062203734962,-1.354982037111425,-0.072445362837607885,-0.11972822499240204
34.165396673123269,22.135364267184531,24.709562137795622,0.56749939291937179,-0.064284734165781052,-0.86540828464716635,0.4632867280004847
30.078935187427415,-7.1428700206247102,0.82553361429403538,5.8530831863314097,-1.5034352624774268,-0.10258523576929753,-2.1246379997116538
2.9706980244675694,-60.580583983267964,-5.8312610737248693,0.4645486630692281,0.041661832022553656,0.18259907295371247,-0.56664587464742111
1.5403961546033791,10.165928913201048,-7.32313777468823,5.9325588813648125,-1.0955183854534334,-0.87402572599292216,0.51136659916412586
-13.236568034471031,-0.78624071396719042,-23.56928638214632,0.17132412381051665,0.12668775885562747,0.098555151328146989,-0.18454768936034835
5.654273378576228,1.7657183987638359,-1.7262663447560298,1.3064171000140934,-0.22074129152604507,1.7929659046888109,-1.3026057136154059
1.7285938964204952,20.296897514698625,-14.130963592823289,5.1358103970882274,0.0043356437416789701,-0.90898956343143145,-1.3445503869616546
-0.35983238115970539,12.920517521130193,-30.724903738109543,1.7904630665807917,-0.098499867732903187,0.55503987658555487,-0.27905762609476875
9.8781634946531636,-2.3380492155445478,4.4455573680637972,0.26478012068180845,-0.65070938157211133,0.54928314505812459,0.0055597218063102886
20.376327719367104,13.368127903848318,12.778802289013051,3.8378724431948776,-0.36595439378530625,0.15621246270925415,-0.22073870200178849
-11.669783356775335,-0.55010396547666285,-7.3693978324283229,3.8708607115180045,1.0514456764013467,-0.18071360333337597,0.83988397622483613
-0.098553995856930962,4.948544329909077,-1.6421721722873699,1.6893951532144742,0.097619631063972589,0.12327046170381202,1.5968097437299624
27.182874257996488,-0.54174137991311533,-10.985950544949695,4.6245990281961067,1.0930740899367626,0.66706832064224764,-0.48718981332595029
1.3848009383472661,7.2661560516557353,1.9768726983451363,1.8933395353178266,0.66612452634800756,1.4906381672639453,0.44826273298702007
-13.797374932610152,29.276813514550774,2.6231380492540737,4.6426418036720296,-1.029491299138112,-0.19991299030991994,-1.4166600299323375
1.4535427544519193,13.65647289118643,-11.801999139843646,0.12796770666002361,0.35677284435262846,0.047466534610803794,-0.32899995931706938
9.1399803775247914,-23.872855418717862,-33.354670670126922,4.9609108167373739,1.0275873882590818,-0.27716823523928291,0.15214609672180052
0.47160902843212432,-10.7513308092428,6.3151459739184483,4.3618054187812714,-1.428477945877872,2.7389360541497174,3.1078890316066228
-6.5080897921744265,10.768332812458485,21.694416935435409,3.7364800271424881,-0.47080944200650909,1.2975664936409872,-0.015496981577743206
-17.417610125547807,26.512402344274459,-10.615426639515885,4.1654983329457345,0.92600383075382176,-1.1284354978030655,-0.83842538960003976
14.68325266375774,-8.9116003004634265,18.603411872701333,1.3332373746372765,-0.82843656693516099,0.82064568674890559,0.65008268525817192
6.4285736503265101,24.486208111915587,-5.8048586605390282,1.9968634413676047,0.66849627690544455,0.7775932851960955,0.43142612360244087
27.451552219086533,4.5174626536516467,5.5747292750874102,1.1365164177640215,0.26780473492192119,-0.60380425628392698,0.76287694108095827
-3.2065390922910777,-4.9470349905624618,-10.207916470318224,5.2155854539546764,-1.1098040689766964,0.42662373405957804,0.38322193063833965
14.318070242966124,-18.780326047781877,12.868382414043547,2.4027986220861082,0.064308046969430058,1.0667476919687058,-0.74191760740460211
-26.027621978128636,-0.43365046277559888,13.052183966367044,1.0506823117160293,0.47734290029016324,-0.89454507290405971,0.70153162980904671
27.606952498758922,1.2142200951734965,8.4828979607548636,1.1654802548466574,0.011623590534120551,-1.7600500509539632,-0.28178225059444001
-1.7766924763265184,7.2225096763697438,-20.460282475158234,2.3994088889385163,0.6020859899703277,-0.88360424909462898,-0.32673363222508617
-10.931654769303526,36.786666966532884,-4.5117841101932354,4.4404663660546513,-0.46594636682363433,0.12346450948122986,0.34249587177180774
-7.4068970439494946,13.627911181206695,-14.750096523967304,3.3679105227624468,0.044178776860648306,-0.023592813220822954,0.65659947429910692
11.484732446779006,-5.9298428265464835,4.6194120655936661,2.7592959542923796,-0.49150074126068544,-1.8145317308982558,0.97033166768187573
-2.1330784361775486,21.457770210959197,29.574350059175764,0.42024739474168171,-1.4145971729312787,0.53890543250346845,0.12593138780389401
30.498335561947901,-4.2911261566036902,8.7885957763389388,0.12298500399414958,-1.1906677892019126,0.90661968338657861,0.6387968989516003
14.264984896714434,4.8838633600096557,0.41841242594525191,3.6610704551785291,-1.0840238580140491,-0.58383324420682148,0.99922275125381743
17.492654210068498,19.290398977437572,5.9403054081541455,4.8949006344842729,-0.22959833910895189,-1.8689305865527026,-0.52619115581450093
-2.9393398123400716,3.8349858564379931,10.85968177166219,2.3143375290510364,0.67917224561900225,0.16152313381371955,2.177713089554183
36.053777648304319,6.3329720232468949,-26.451741949846177,4.2453455630400692,-1.3526217544502055,0.55706432506568104,-0.86340397045980999
-11.453855463678373,-4.0810585264029431,7.6548861008708009,5.7553502290077541,-1.0790270826679376,0.87039346911052162,0.40108527898809143
-0.44864169116971675,-9.4893817738890789,22.870005867794312,3.9143053717914809,-0.24805931955311147,1.1526599730299276,-0.045224580637135157
-11.504180587288625,0.51039759096643278,-13.761183976011932,0.13180432750643015,0.63739097542410195,-0.12754797479009994,1.566198572340967
-5.0746864416912096,12.621331268378436,-14.783305251435698,5.6309689174871513,0.4569402506109439,-0.0069568084654047634,-0.25243445117279739
-0.13639508111737952,11.477861509061789,-9.4181370430032558,5.8359364138685521,-0.57140168499667632,0.63565874007549128,-0.54586370342364854
-2.4066057010621318,-6.8205773940649896,-0.80121208693795276,0.27288266036668984,0.3746741281872204,0.77675385009131204,-0.31068072964573962
0.92615415234896104,-17.865808038508664,0.91460257131653944,4.2870379759333872,-0.67959843467936576,1.4251801507498849,1.6401946499605806
-18.974199346574526,-12.4819724077452,-4.5830626030750397,5.7156641286700083,-0.13740769863170568,0.39136862221313623,0.19449738191480986
-20.054867730082872,16.153407771514992,-6.3300294998477362,5.4928833178560277,-1.9328759549373937,-0.12438635251194471,-0.66520322087718831
-9.452053252850348,8.3112111962567585,-3.3690197903621182,2.9501571463710192,-1.9346856125599576,-0.078867767894741758,0.63977591508632037
-15.614430062926175,0.61248906158060912,4.7836730262451388,1.0438072032503074,-0.090760751538552356,0.073943363366744411,1.7753876952770096
10.043620949247867,-34.168120634020362,-35.271518587738917,5.4831102034911368,-0.014978286591567327,-0.92816784012617604,-0.66955123607802813
24.929169287853465,-24.17006172426721,6.1570871282876345,2.1723639260619905,-0.50127586057512952,0.73274081251795165,-0.25935708776737004
-25.047655990636716,13.227012289633368,12.861426129308395,3.7915780338798299,-1.8090771769874514,0.32500122157429817,1.2847463706728308
5.6346868683182398,6.3947599884612147,0.63677803290565449,0.17355507487892038,-0.49911637816288784,0.3791380949289157,0.1884895312801223
28.733430656541707,7.5744678257665932,-11.568653460003127,5.7794087011432929,-0.04417615271144619,0.11306980499034615,-0.54617515417484885
-1.6733380848695671,10.207010177150938,-2.4479530693272151,2.4824210753300342,-0.66719809974914046,0.4849390555933713,0.27883121233485564
-24.796126589923297,0.26807050838336832,1.1023908174713892,1.9391812035826237,0.81491043168314059,1.756017288510368,-0.73442905052886875
12.540882768912185,-1.0400724896176772,0.44075100957177293,2.5550640110144629,-1.7002005977312931,0.72003449823506782,-0.72193261496975325
-21.198443425241237,-15.293482709460397,-5.3562159444633819,2.8968068115448036,0.20952814411361498,-0.35378909450710061,0.41110536866169783
-28.833134337257036,-15.428195703914374,-5.5959875331465483,3.6814398345316595,0.09046873997022728,-0.7706329803243156,-0.36405315419520162
-6.4028096533018264,-13.357207800767643,16.113422881789148,4.6525602116534106,1.5154860435488424,0.40440808967638836,1.1866092444026508
15.367049768998688,12.028095246599049,-14.017138977062775,4.6878564863402534,-0.52456999104840096,-0.93745560514202686,0.81206739720359578
-18.719506097111697,3.631153958822988,8.2099128879300132,2.6475929075083591,-2.1397297922304377,0.50044705644559173,-0.083293943733169798
-9.9559414707616103,-24.718771379135681,-10.900133033918788,4.1313256500198392,2.170955125244463,0.69756005313817682,-0.6575113314019686
3.4025471064814048,20.212113272321478,0.23048107317256911,5.5094475734447679,1.969227139550134,0.28721021315014289,-0.96086511647014172
27.888376179261417,1.6516508606628855,6.5294213611061851,1.2718991044912937,-2.6284480597560244e-05,0.58846282866546518,-0.0045317978450403855
8.7076803034620607,-0.96310871377413787,0.16061740785787967,3.8228531997823314,-0.8242348856769024,-0.27391741742587905,-0.091799050489398418
-22.351040529706729,2.5071455547601156,-1.2658779475994328,0.18134938218927038,1.7166356603366315,-0.65246879290260984,0.27140582039636235
-3.5926163451015398,9.8655613687543529,26.754408109628475,0.31790054506593951,0.54810848598643513,-0.85738354407784567,-1.1511571486899104
11.653071563576276,4.6707136080162366,17.10196180304585,5.2716071658971124,-0.94712524351060101,-1.2475461669623191,2.6462968094243742
0.89571756795190549,7.8536137464817202,1.8313266496051948,4.9846310644036507,0.26989336983219947,1.74800530213993,-1.3920839592331775
-4.3063403452948199,-31.242177127349361,-8.2608503764520886,3.996700168279129,0.74491140878711226,1.8220303338450983,-0.44822738964982017
-26.359914663149432,33.371346716828363,13.275796286653556,3.3201507855115642,0.4759204477401815,-0.22387325216340437,0.72503172272862138
-2.1396039940820324,0.33470873891363967,10.612356722147888,4.8695626974007284,-1.0032710013449364,-2.1263902747767243,-0.14380871186266422
-4.7970965700227035,21.019505593657886,-17.101868109048613,3.1016339132782655,0.12512627000730353,-0.039307219311969933,-0.80585823042763349
-2.4379957361103815,-4.6181126634963974,9.0876101607725115,4.7777789961234669,0.055849392281427941,-0.58878931499818876,-0.73775952311302917
-13.788025243111054,-1.7760059672698869,-36.359925065111725,0.5213650614774894,-0.13119845452176443,-1.433344388136407,-0.66159318962638758
-15.783130318495756,5.5767776258433832,12.343971525183516,5.210367089167252,-1.5752753361551053,1.0049631626189433,1.0147072526071523
-6.4150058112338879,-13.175062630037715,8.0680204197748449,2.477536706624321,0.34207123488524477,0.32342216155003373,-0.26990045895766285
-6.8184124441088878,2.0966956994077988,12.229229608286197,2.121061468978132,0.67935572329220806,-1.4715021245222759,-0.75163288891008384
-10.640425240648884,3.971671575504311,-27.168632910582886,4.8000276806664637,-0.28791257317777375,-0.8388682986804038,0.80394937490040563
-8.6018972752004483,-2.1546100463648474,-13.777394397149472,2.5266908639507699,-0.31624844052891193,-0.49190434738076344,1.0167119916095322
9.9466230473594592,-12.513459949725354,-3.1950974818256475,4.0807885863176514,-0.38574190566996847,-0.26746749775423684,1.0632781287550679
-15.495103017359478,-13.890664692230963,-29.073017373837306,2.0862668462544716,0.52815089780404145,0.24940573756963078,0.35059253494253972
-21.269935808590073,5.2984901384160139,-2.1361281030519277,0.84197586537018498,2.1326729146457217,0.65308282607136925,0.91816336955966993
-22.936855923423426,-4.6047350623136065,16.011594708237872,5.6732123787751734,0.36888389293713753,1.0035798700222351,-1.3602758327782212
13.363898232353163,7.4427269053005674,14.596057628791117,2.5716291283306045,-0.6371660852375679,1.1132148857598483,-2.1525844013491353
-14.268037376586074,-20.895538689479931,10.338783341901344,2.0732629364852695,0.55231542250823429,1.8717461057902443,-0.48531141964623975
-7.2120152542143066,-14.460800280902749,-26.107594582712945,5.3595481170097168,0.04736999055637503,-0.033088825972577861,0.062496909026578333
3.6082610200453376,-24.445483625929448,-22.601822704481165,3.1509538535556079,1.6321888959480364,-0.41514375268387033,-0.055412493473227187
-1.0248327829961703,1.8090923865335879,0.26399493245260558,1.2148431646171463,0.19107146532134087,-0.19004552994144588,-0.57244414131702182
16.134475663567653,-5.5057922383920204,26.802655167685614,4.5269295584714033,-0.10091678435191935,-2.1377583013311492,0.20002004230487766
-15.970148461302665,-7.5982364975824366,-3.5672965729859007,0.31954673063166772,0.60415797032218965,0.56216586949532199,0.91141213821375344
18.685150320721888,-19.725424908197855,-23.93478405864229,4.687163352012659,1.4730304542439632,-1.6241848256506,-0.80226483150471162
-6.1281065595299538,-4.4706555076297709,-10.924051539742599,4.0538285771955636,-0.42596116014127272,-0.23751395083515572,-0.72241940447089636
-6.5076683223159,7.7917585324669361,11.432905660658806,2.0642534593517783,1.8187379814290976,-0.20218570536454775,0.34313772114968089
-7.212184256105294,4.2195797351146407,7.5015440805902731,6.2761211373067658,-0.43749260241180793,-0.011376883723688428,-1.4130640616117498
1.8245365049830129,-4.6395969254046943,-10.573776506980924,5.1097192944699996,-1.1076884090391237,0.72581351585326792,0.38007697366670667
-17.792037462254971,-18.897368113374743,-0.42805070995746175,3.8835470812152937,-0.88476692647281141,-0.46102308178993145,-0.019638296015172654
-7.5705325406394346,7.2329699015529316,9.821669142896674,2.6754668709399181,0.2800449733543241,0.65449562111989079,-0.22933633853518318
-12.811879537270007,-16.73829078675201,7.0783738063352537,4.9476969352676088,1.2097180106651382,1.8387165151962763,2.2214334151816013
-5.0730504686709184,-37.008922017439666,-1.0248197378441717,0.33578488793827921,1.0365529396465101,1.4265748538109562,-0.81648083275905037
-37.298976620442318,-4.5683845343659923,-5.1427481979308727,4.843428228840061,-0.38761366476132758,-0.035739406848790858,-0.74263778581920137
0.72007138761342404,29.701052958664285,-16.062415250256933,3.0760704306470279,-1.9912314633211126,-0.68508430997405312,0.19516522562309505
20.371860035828906,-19.307721812580226,14.157505223057345,1.096840414988618,-0.02012465172887512,-0.32692421132815203,0.81543318693198863
26.525364922658309,0.0926301097033954,-10.921366571537666,1.5527415418038562,0.72632701693296242,0.0022371286820365779,1.3063516785682696
-10.59701990839077,10.032957734117867,1.782562793717738,2.7516017247884426,-2.2387748635440516,0.5152285146323623,-0.25643993651991831
13.860508688663524,25.64350329841961,14.98951585026342,0.26281763170989697,-0.17206793402193796,-1.1375314710871183,-0.36547028562046058
22.979185555117279,22.40714453917726,-24.967437814046665,4.0939365120223377,2.5563540687430764,-0.82538996777049167,1.0511830096901158
11.631162920722073,-11.742890285116179,15.217635114285006,6.2387260790031966,0.70252421288639144,1.4053708821313431,0.79402536802030055
-10.998416239247138,14.99893809951566,-30.156960736175055,0.19108792459111265,0.044760449409736475,1.8028638303108011,-0.53074586476818841
-21.301998003110022,-7.8388242484229043,7.9275928509701901,3.6529390933685431,-0.99078837035810685,-1.573077888585279,1.2443789287209803
11.742673182208161,34.860260935484007,-17.861736444817055,0.48171413630443949,1.0703352101725518,-1.3329499978801274,0.62180856194651324
-8.9894455398588295,22.487648162035537,11.623330354709447,0.67829824846518516,0.25411913240705292,0.50214064319848606,1.0888628369146769
-6.1035413855942711,-27.781634782532208,25.555045947995506,3.3962431607426042,-1.7189774912901279,-1.6844609076138524,0.42530063698469767
-15.741029464040365,44.545758127803076,0.21467568234798701,0.32549265195856197,1.2002415465451228,0.21999254900868645,0.55308200015671327
-1.6013577758322006,8.7693713992282056,-10.152201954509115,2.6886733514384407,0.20346370034467484,0.52902785699534993,0.075429563741053848
-19.368436248374834,18.339559182152286,-10.014971121695869,4.4584081309670518,0.12965354929128262,-0.38172328800785438,-0.43347725985708063
2.8440510160154631,-26.896994677752033,1.223885100951692,2.3041262856212477,1.3917017036574972,0.46990571048525998,-0.95290965461534238
-49.154898296212039,-0.09306461502058104,-4.2985472998711387,0.65752909648068392,-0.70957942175387134,0.5472419260889414,1.2601842428275971
14.721670188596628,20.658644319568214,16.88297999988141,2.856643669827807,-0.33948122711778189,1.0430022319420698,0.48000101737410672
-12.843195068441984,11.947962545729192,-5.0657381322437027,0.17261268493002047,0.56204597811300105,0.19531543348923838,0.55553517459170132
-10.022372166961389,2.2194703109773224,3.8198715640416001,1.731321523563486,-0.21846030401895006,1.8808338354504766,0.23431458515561562
-11.259171703673992,14.448984294033394,3.3211913800251729,1.9177366510181784,-0.66709983404692086,-1.8888378773696124,1.0606240138014573
12.655232013376164,-5.124994218481068,5.6564002017857993,1.6084951933546621,-0.35839534347618224,-0.49747308444057969,-0.25827883544632324
6.6136753443291711,-4.1243588692784545,-5.3365565107696371,4.2823311950796015,0.18662119014130057,-0.55818519332884897,0.8964743074338295
39.866824490171815,-3.4930192077201925,-1.5822260418097362,3.5952176223852814,0.10097209174303645,2.3178173656191503,-0.49897928631852445
-17.453991993379056,6.5785688057341654,-15.657082509147189,1.757094190725931,-0.40045536953727212,-0.11440676672801915,3.0882041923856014
44.714126986785729,-1.1616392270762979,20.281407843600896,0.7509319057875905,-0.33418767503887459,1.2650215218179435,-0.46668924776675291
17.58225509906562,8.6071165999381147,-12.651209779867884,1.1643123419520609,-0.55926104290240142,0.92636226761176244,-0.047347562441591114
-22.645162937657254,-18.823557516305478,13.24721383303682,1.5215590511598791,1.7714731916648772,0.060611545062434394,-0.35205565698835545
-4.3628541227974527,18.292008652533436,1.2596884916115683,4.17469831004012,-0.039841223432492086,0.92705485153467415,1.1474573613767156
8.303558855182219,-5.3579736412125456,-15.24523436583876,5.3652063867103887,1.2066166100972493,-0.59454866038235354,1.2712821409267123
-14.19258019158074,-4.0310309586365349,2.7262102125359755,5.3328286532465432,1.2359345542515907,-0.029431397876619858,1.5444114850341495
1.8361951074675003,-3.4202036927039066,3.1801660390476125,3.8443196709219216,0.47393066642004389,-2.4115695295389243,0.74087576058320015
-14.053389190900393,-21.828622961441745,-5.2373283317916064,1.443231331402171,0.5046261334677663,1.3706566476101352,0.87243663949049477
12.962150996225297,-22.136338269747146,7.1348773272809636,5.2224247918971933,0.090101345951321993,0.50507478249508553,0.49888791532450588
12.362327420859677,1.2214832703346363,13.345392589930627,1.7029726477455229,1.1036600554452314,0.36047395968446627,0.25523215406142274
-10.62991152439708,19.548648558657703,-30.518564295798168,2.4793705164120632,-1.1225606062078342,0.37162817962039624,1.4039820051370271
15.44069593627863,-2.8153118079271278,-18.749030468057565,2.2585737040836675,0.2300917694109704,0.63676403952986593,0.037924552380061191
-13.67798184555863,-2.8465196025949933,-15.29138993740308,5.1826818193533821,-0.57551863761511557,0.46498682960490595,-0.25411892992216961
10.633918083383021,-13.618757094026801,-7.3924039407751003,2.6213924932144868,-0.45422448245366054,0.29687124874123605,2.2316460175423862
-9.1027027083295629,22.57872846153451,9.4892681151210514,5.6675082486742117,-0.72779204102280204,1.1626247693841731,-0.97711528183545571
-8.6180578672698402,-18.794846761540157,-7.0293911190297287,1.299004465353651,-0.86944983610491089,1.1015623276129645,-0.76249991484626878
-1.8157957669561164,46.192592332653298,-5.6769271268359116,6.0852774714562949,-0.77400618901770957,2.1402595543825562,-0.034941945071137993
0.93338651207062562,-1.5943644986568641,12.424870728502285,3.0827462977979048,0.95742924548388686,-0.32000410018973952,1.1958261044724758
-22.889888485584958,-4.9355347492921799,-26.669901776877747,3.9247628642482919,0.2901571420184616,-0.99165782820059134,1.1914581667548301
-11.817628309443743,-2.7452546390552164,7.1368255547071486,1.8904189393410036,-0.20574863375823435,-0.70601168672198167,-0.42072233082098087
4.5978732163234435,9.797355401713105,5.7273262237078262,1.3779222213155335,-1.3008313735677342,-0.90535071377250076,-1.2082664351284482
-9.6205834215187753,-4.0853984870442828,18.759074462088538,3.4834009998243172,0.25453450224597657,-0.63622982134736672,1.4813801827256126
13.5877077239701,24.175293798176462,11.544254128890156,0.165375069301159,0.40677169945593433,2.889532791102448,0.72137998001529979
-14.583108470914729,15.242169411752961,12.373336775277588,0.62323596585943086,-0.39743393851885633,0.82656758827897292,-1.8429529104483433
7.2717052348514652,-21.518879641520208,-8.2612961261434101,4.4550018548156523,-0.64867860126139365,0.12137191582599577,1.3146314305127564
-25.652796735347856,-11.447856742084271,-15.074823491757869,0.98991711327453891,-0.73844699744544839,0.63842729343348259,-0.72361180350792509
-9.2315832270348821,7.2608722829124783,1.1346223717483528,0.43436421069837833,-0.83268987772363889,-1.3517565644359735,0.81422412622553497
-10.782893137412325,4.8383166700849989,-23.922445269218194,4.9554862384647969,-1.24205183099433,0.83278184044827719,-1.2231506320722414
9.1590814555807203,27.809460173475831,23.659664663523397,4.8106574964118138,-1.9421688313272651,-1.2887394348277681,-1.2383523477435279
2.5151434972035109,-3.2720923962696289,-18.955648389964633,5.375149323734826,-0.67668290569431522,-1.55627423953526,0.13058414990617365
23.094106345694449,17.090142586012927,27.185211476458335,6.1980501927632483,-0.17859277394219175,0.841544432573054,0.10179591889022203
13.222750393172124,1.4532782621281706,1.1581094342491549,5.0460958007956007,-0.4509213543941249,-0.45542480357463622,-0.62398772102467803
10.358243127927441,-26.75643063385634,44.96946847023812,5.3715192987852749,-0.5673330905797882,-0.32965217630132021,-0.67883819102805421
-8.3295115848003647,14.315983161512127,11.818472805732171,2.5975142688368154,-0.48411826729476332,-0.64083935515564705,0.37569664382022683
12.209951327479361,-16.773562128593095,-19.033953312358015,4.9126811249751103,-0.9544468794955937,0.89602587208849782,0.73764602368348564
-22.873402570217337,-18.85284864729838,11.713911026790493,2.5679739032240443,-0.43155623069190979,-0.63693250473699459,0.59716281305095709
37.077091932507379,-4.2566985408484994,0.10485128537522918,5.2442897219826587,0.93696115582502959,0.62302188574869011,-1.3484336103199774
0.80722185249991418,22.608798589803541,-19.078269947145614,1.5708136916517401,0.47676098045572635,0.19866451425394399,-1.2379534454369086
29.785070945804463,-5.2052236643073106,0.24054355494120963,2.1821500965270575,-1.8015990593619386,-2.3725184142456546,0.71263981049723846
-4.0565993572732637,-18.140327809248973,7.2960702352633593,3.5329090769629876,-0.054290917245149138,-0.62620686194051456,-0.23188574119681366
-26.763821573920996,2.4130574163053922,-15.163055608196045,1.9639271837389114,1.1939420046200866,-1.5169164216493853,-1.112245778867611
-13.792686708415093,28.805386406550959,-6.4481471096429068,4.1069957736964069,1.108433685593097,0.70745711480916318,-0.39663508062807751
1.3946742137258654,7.3781773705767728,15.680668262953196,2.3211158367742937,1.9456032921703401,0.51263657615568403,0.28504051012700599
-8.7422100582295901,-26.067074488188755,-18.322402320232275,3.9383549265599531,-0.92492319325001138,2.0038912986400521,-0.56418141006744615
4.9706805295601084,-9.9726611288148614,14.093086667820064,2.6341142352783811,-1.3765996967295056,-0.59945719362911498,-1.6761314139483297
20.328412924151433,-3.6719825381854099,-11.075487987610147,2.9884815529154163,-0.59534306044747776,0.16487930775113752,-0.11556580961648392
-8.8269870635980094,-13.450383907700688,-4.1926272344928091,5.5000047475606655,0.3701690473775231,-1.1954378061023847,-0.33697177724257282
-28.100131525743997,-25.196683608019164,-18.562670816303623,1.0429792030847391,-0.17936443647035116,1.2790903491751568,1.5437545154911705
3.2089183044105964,-2.8332599261380276,-7.2597115128754544,4.2560632702748862,-1.7874689049266763,-0.53463205701282124,-0.1754569982034439
21.164266367299092,-12.118972972152218,15.324285062736982,2.4320464300361007,-1.5270957623615495,1.0586863970317473,-0.27136325533086031
-9.2625613164022997,-3.1632674614503244,-17.239114950024348,1.1382038291931169,0.653790058947056,-0.6360088703413348,-0.57636212197789216
11.259982053940831,-9.2079426189800948,25.846877623976926,4.8153988767774987,-0.46459765101258133,-0.56280020648693618,-1.6440918333487666
0.23306011062255066,24.18053588454293,-5.5361378874938181,2.5079094688978336,0.61227356596445226,0.45179499032954046,0.89568644084962334
-34.966887382808949,15.335170969463176,-8.1755936868575407,4.3960122964786956,-0.95504176213160663,0.21492639425659157,2.0007158338125781
1.1649140703178389,-8.3443251505392091,-8.3170394371583196,4.735395631798796,1.4275308539758713,1.1046073672461743,0.89547763699218674
-3.9152528758397729,10.131164269975644,-1.1406205118241373,1.6705922450263628,-0.20461184468535712,0.90996468582540657,-1.5628865613336047
-1.3679317800180819,-4.7541711519068093,13.182249722009612,0.89639763352232382,-0.51621054087616502,-0.12846344004939861,0.45012891256863824
-18.920727938340583,-5.1296105261723577,5.0427812304147581,2.8652613706195154,0.0058634614227140031,-0.71505906915765027,-0.95853010561425711
-19.809366439322197,-2.4546146453134203,-8.4714843336274512,4.3691066316561882,-0.5516541038178373,0.80041214881076572,-1.5814578518333617
-1.769791160273011,-37.801761465790939,-13.924453063389763,6.0462373641051839,-0.47784258594507661,0.51138474595283345,0.080882815440726952
-10.38693079092703,-10.097418304758326,2.1179344997868452,3.0789512657541067,0.63999379201928841,-0.89226520585963232,1.6521869452972242
-14.837883753287095,12.38278602640637,-5.9539375723105747,0.76657014225919828,-0.54955245371548178,1.411406184832847,0.38714477339500369
8.4215681571461563,8.6688120131341044,1.3522287096510344,2.4397767079238317,-1.6395377659843504,1.3452178521159022,-1.2188151446670576
-13.900377386681917,8.0062966003358191,29.571740418127845,1.346389493464085,-1.1112800979245565,-1.3179512902773403,0.73527527019708949
2.064495618536776,-14.900813707427645,-36.566766431554754,0.42319394773432301,0.2472889692207913,-1.1190567053103102,-2.2553564422324008
12.410614931443469,-4.9450515062732636,-5.6591185140977931,3.1620001728257825,0.72558578585953293,-0.092805421518904183,-0.71619455957591194
10.925207447621585,-8.1157210820333443,-4.8777989693667294,3.8145482112039204,0.20032319564510334,-0.12599828900835924,0.31721403604903436
0.41008931607469901,-9.5403548508948894,13.080795152266063,0.30152686662866979,-0.63067253030415993,-0.4916358977027705,0.32383237127621561
5.3430745020276866,-26.811204518398547,-11.514270161365175,2.5172783979362245,0.76867465977778893,0.26074769330795189,0.29186712707901208
5.2411513645267762,6.7852445451718859,-0.29541980920288069,3.3064016839605039,0.33694901351813494,-0.27448511522440794,-0.56748231673291216
-3.7049654301307871,-17.777974039096232,-14.324976145198324,1.2860913775235741,-0.19739714631100019,0.50790104530915359,-0.33534364429794283
-12.830348679345905,-3.6492110617284821,0.61385198091934989,6.2380147550158282,-0.31133872625879561,1.7641811434828674,-1.6510004551624369
-36.791698690320629,-7.785295950141828,4.3014928478455037,3.4682946704060242,-0.77709798337392133,-1.6549979541666593,-0.47731203644264747
7.2234502947067192,9.052134658904361,-19.358378804378894,5.9175655912562357,1.0043074499300522,-0.50053688103205141,1.0432898399358714
5.620908367005172,-9.4600009825416169,15.046666870184596,4.3920819296394047,-0.3605637825981049,-0.7041761724183867,-1.6118600799295972
-4.3239531914527447,15.587867770262898,18.603927390769634,4.8841764413587434,0.51204999805394324,-0.13802568425469897,-0.45066714735034824
-19.153176337090336,18.252155003667735,16.676929118541999,1.9517137589590527,-1.714894190086163,-1.3590762493564774,0.22141405693257743
-0.58485284716179597,-21.625138331098569,-28.288921417109915,5.3637557275771783,0.48155259901476022,0.98829270228510513,1.8109085656424682
1.5272415977760383,15.592827373550506,11.892759961090507,1.1437681230807948,-0.33448065674992172,0.98190584866029018,-0.26834895129106862
22.746560920671271,-20.283788053598872,12.364335494490039,0.16883137378053098,0.50305933401710634,-0.42228798409931784,-0.87580688932380291
11.353754649343658,-3.1875131922963575,-13.967026045268909,1.5444783394926349,-0.11736474084203287,0.36025351010364892,-0.81617346981087879
-26.780273090132194,-7.8437978288436234,6.8228589536084741,1.9901450753937657,0.32020758097586283,0.80636268179936699,0.40526700414424355
-4.5130556749931978,19.633249618229087,19.146481252033876,3.2605061425626456,-0.88399780768922331,-0.68732338704417772,-0.13189362178273575
24.861140771499379,30.676715726200683,16.381567197674464,5.2716563169140764,0.30598582283922765,3.3049372249589255,-0.1979045271011354
-17.343730317638546,41.919330405433392,13.370019482692811,4.9229831935094852,-0.22075077751820776,0.38896803484833331,2.3754692230183378
-2.258828707949224,11.533893673511834,8.6555315499293961,4.0161210271805077,-0.30320751827990894,-0.14658147625587561,-0.19574145000534179
-16.18787909617976,-9.3403016255785261,-2.5607396672987872,4.782021662391811,0.031106683551047891,0.6704855014316996,0.081621657306130038
5.3579249617523814,0.88119625381819333,-11.446605593548378,2.1285494950914199,-1.2870708260184853,-0.041467092595878455,0.15976653920126183
-6.8329181553928064,25.830071323691897,-0.72424762959555788,6.27397335442999,0.99550658587287955,-0.95211554989903346,-0.27961975534775002
-1.7712235412656765,-3.866994985853597,12.16433044569809,5.4454645833526776,0.42579221256218547,-1.260634323443296,1.2912975022268278
-1.9342537377494211,-14.82475713528253,-9.6499263564178381,2.5480432164928946,-0.2291946357295167,-2.2615884133511823,1.9076541211360658
-7.0106934245290313,2.1483688362320019,13.252046438092945,1.9984917291654978,0.014919755261446158,0.11125879786891969,-0.50411018040845379
15.428148594059774,-18.474934143100025,-18.045301972745886,1.4143710349500915,-1.5219627354213656,-0.65050183038834219,0.56634308444796799
-8.0954276029836905,-4.1646788538169011,-16.206833470060609,6.1584567868196389,0.41289987411206436,-0.81088285938739768,-2.6853590807970149
-15.930349045400877,-17.342087859007346,10.527108399392302,5.2413698660919703,-0.32074365457488879,2.242999919076035,-2.6086704665394254
-11.633322084172033,-18.102010619989834,-15.731269380770946,6.1776874176831473,1.3436922782625527,0.59802148974377289,0.062612141865548102
-2.2457695363165362,-15.920540273405289,1.7121555005798037,1.1988488208918089,-0.76112429008530458,-1.5888414843712277,1.0244313043068094
14.054164310278436,0.82652155625491253,1.0904692901888975,5.4078296439515228,1.9414728109941848,-0.22534674468228025,-1.1994306305861608
2.6191632953504991,-10.951149075720027,16.60265077178056,5.6935537460225758,0.57774181983320028,-0.78984060525003508,1.1258697676391318
8.8412425151828469,17.646897475566821,0.29416255446839107,0.8184516650574748,0.28138785669549171,-0.27496817408123836,-1.7638144889443945
-27.283158324893289,-11.029247449273445,-13.058247358722198,3.525635431791422,-0.70266849135569787,0.38919979611407707,-1.4129493228164611
0.41366084681455317,24.924948811550689,10.104769787048012,0.56109992534225606,2.0617123283383028,-2.1886028877856303,-1.3542064146493065
-7.1661928451322181,3.8942656905030626,-3.4772964996008744,2.8822648916453546,-0.9031562805552249,-0.62362349144884288,-1.242985105213682
-12.894617215195662,5.7434542254068797,0.35340329533292514,5.0425588098684928,-1.3750886320234093,-0.54096424162298862,0.35464511646742558
8.2629475824260368,-7.2404777795565085,5.7836733133788529,4.8236208830305429,-0.14370687505090687,-0.15481586280294546,1.231447159061813
3.5192561142280612,-16.836000403864745,-5.8889883033888655,1.5620067175533634,-0.74187098702916521,-0.20327297840591402,-0.03254035083239025
0.55568868823060791,-15.599801908844931,7.2265028369331619,3.0272600533267773,-0.66186493626426701,-1.6252215040219991,-1.9267606234823267
-7.1632145534381362,-8.5347891232793796,15.18380815852826,2.9293212667719688,2.0881665819536952,0.8342678221779336,0.35257823789424247
-23.824153701637002,7.219998378555724,15.211418817926809,0.94770261723004745,-0.34423162585856365,-0.011578803800483204,-0.82534833865651069
-18.472393058557508,17.578938342049828,6.7400445266560194,5.017668687250568,-0.48410585547496426,0.4668180733970429,-0.26777854513877314
16.245784900272412,-0.72010560726466477,-40.393364675358264,1.8759372551913585,1.9654703066899115,0.6116522741378233,-0.50938821829992842
-5.8406690829128314,5.7136202647193244,7.2085069448559205,5.1463030908837428,2.4824369549729961,2.1463517288970033,0.45913885320705999
3.6373277865645335,30.323218005976116,-15.202052761808668,6.2464223325153654,1.1138465024028996,0.20042927667189944,-0.31257123879766835
10.473353520387702,22.94457596040257,12.018933541471295,1.0160141192757122,-0.38720199991247828,0.12648403459902999,-0.91280951619112882
1.4791023967520767,16.074233128593253,-23.016012720171602,0.30554179578217405,-1.5528606238461984,-1.1030484506761509,-0.20610441137724481
14.374720625017785,-13.943283451465993,-7.8088299107386474,3.730028171347906,-0.59937319163452263,-1.0799291867225347,0.10307328176195339
-14.513496298343282,13.841743031046709,-12.201179832745119,0.65322498142698915,-0.73374757894406761,0.54757422132038758,-1.5915383308194755
9.6460480992432931,-8.4284449518260534,10.631850317373363,1.278488117617274,-0.88748141732149211,-0.42269419622975457,-0.28956221033046786
-21.354716082925833,-3.6466301853799861,41.451034038429881,0.61190916756170377,0.24125170896071718,-1.4262014622399546,0.66040467990859852
1.2564124209450507,-7.7419897025449247,-10.380252796714846,0.55680998511403312,-0.13665730521159922,-0.10584248251358136,1.3827150310252816
-21.74135835124823,23.150843305736121,-7.8280056130154954,2.2725314388062028,-1.2589329528142494,-1.3666064021808579,0.18274582886564467
10.266707529832205,-2.2585152938437298,17.615105602488484,4.6298947380640758,0.71868492471799506,-1.0316081688679479,-0.77286305350129236
-12.281495239784046,29.726702488143648,-11.353515720010851,4.5993739648924228,-0.61489718219272071,-0.39898871110751805,0.10304512307067999
18.351646735917761,26.57790492627063,-1.8019625484831177,2.8081598483539789,-1.0815115524188281,0.73651343822167148,-0.87285761969088071
5.8650470019054524,-14.514611162388443,9.0511371640362963,0.73533201113919233,-0.9768082532561505,1.1180722141490129,0.36275327013509484
6.586014498477609,-2.9489210598060769,8.9034939986387513,3.6670755542658706,-1.5678786776156288,0.77362637351512786,-1.5815860711261756
-13.744918348557588,1.0423332404946264,-18.113913867757518,2.7817199233139864,0.21447432094648711,-0.54703773044288984,0.27026122159842975
-16.040381431393989,-11.038707522944813,14.851398237806652,0.918831010682708,-0.055523862559240925,2.6278020156666155,0.033525930127943755
-4.5158654465191264,19.253190717113259,6.2247850012280894,3.0925236828750133,-0.48569632962712722,0.88586987034547859,-1.1036768343707981
11.225554775477523,32.791216105127141,-18.863312344276174,0.042174896287472015,-1.8426361313737023,-0.53593936922492746,0.34744258680824963
3.5593161499894466,8.8164740486106012,1.5532201238204624,2.2082557975200983,-0.69578604938996458,-0.22839568859274004,-0.20492954352502721
-9.5300390524120733,-0.93996939105385047,-10.342714274879658,3.3169519126251035,0.81384653780045724,1.0123191908405724,2.1458395378050588
-8.0790920921406286,-5.695537180262118,-14.829656252696507,3.0619591073291783,1.1552540195405958,-0.60611440627962765,-2.0109224507007579
-19.110566836404999,5.2500189459714655,5.3902407488814044,1.7011952518823565,0.36679758039255317,-2.0847321621875938,0.01569323561346208
-16.004962830293508,-8.9188670248466089,-16.299309063433114,0.4617473355762296,-0.95609808835127752,0.88011552180076902,0.095629869946953314
-13.470736964959105,8.6637203315063385,13.901627900990057,5.3221349743667012,0.057507824951027096,-0.34963595750325988,0.41259220669543706
7.0787857458731844,-19.033279008922104,-7.4681915904245431,2.454665284964356,0.39041274993637087,-1.2586419018769519,1.492653335377975
8.0562441197409314,9.3741659325576094,7.6495058263057016,6.0565801174624037,0.60095810389657645,0.056309584951304552,0.83378900381301946
-11.352977436811782,-7.0995107204101684,-5.8578650884406303,1.3385986362875186,0.20142539182837629,-0.29804950356336057,-1.2955650865191277
-17.317022448348762,7.1577790646546307,-8.7603326437496793,0.66139914572919178,-1.7899294853557897,1.6759836436886542,-0.73192280101633511
16.573048667936945,-0.080719593337199386,-14.204492281819906,3.5890826668270401,0.82146529446321992,0.18645088152072933,0.72872711840452264
-4.384548067959483,-38.012932556090441,-17.365181614857828,1.1568864225248479,0.58913876004212762,1.6675789720246996,-1.3282677335919675
1.2725716967852474,3.9643045292132379,-8.2447799767463668,2.04681571724353,-0.0015505861568673885,-0.28318584921926065,-1.6875776787080408
31.970572111734448,-12.888298665535773,-0.58390849071605777,2.0370061760528944,-1.1676066748956764,-0.99860600285096979,0.14259257395983405
5.9112500120256222,-28.663998255375887,-15.948772281920519,0.65023986417885327,0.35743824921449757,-0.72295433991174385,-1.5542888604864207
15.368227163188395,6.4060104238085565,-17.340732259935535,2.0717801685691981,-1.5637658169051434,2.5315743990247306,-1.2131120017205952
0.95934404623415348,-25.182860153818602,-34.37902655683677,5.3909628333689437,-0.21714382039067903,0.83450595947372397,1.1814795951074419
9.8068198143594287,9.6053587360741819,21.293615744657064,0.77105792904955628,0.67637105440690959,-0.18330701240027128,-0.0099884149971777615
-7.1753034058404088,-16.507040938583373,-15.982631875403907,3.4877144999758274,0.94704874282029339,0.28154719016906482,0.48425305825527193
-5.651223464545323,44.752531006388224,-9.6293555619719147,4.9855224739649904,-0.72858636400062615,-0.74038561664136471,0.57639027491145056
-26.444303999232822,-5.6726960581261645,22.138707371808085,5.8712126474523236,0.70189682418653143,-0.61844729302522861,-1.5573409512196492
15.451864824983657,-3.2086363925182315,17.416044012697455,4.3285507200840945,0.11408002441794927,-0.94553671324130384,-0.25268377150695803
16.038310865200504,-5.2184675930752364,18.109712642097097,1.7101605560383129,0.11994300133792032,0.05078839998273426,0.35844937087509571
-0.89169410919309833,15.068059563860544,-1.7568594821095003,2.7518281009667644,0.38363223808933378,0.96190567020190154,2.3252663735929504
-5.6881543462499042,8.8358646348534808,4.0245152068144217,2.539489574962277,0.10226298733598126,-1.3037773616679975,0.087066713005808177
-27.745065487493392,33.515167190053162,0.39544650350800442,1.7472051106500885,-0.42790209131059292,0.30207165833431948,0.21228228570583857
20.363455817080077,16.307791137207079,12.519683103028914,5.108954460271443,1.0490558936323944,0.70338890382872066,-0.39792886027524266
9.7273524244116327,12.99760226154577,-0.042394485817584301,1.2628765908194051,0.48116942870339674,0.45842692415895459,1.0005639931239361
-22.599878799282983,6.1380384795742504,-13.103048069775188,1.791349093414965,-1.0383123004418378,3.4544460955594798,1.3073582350902095
15.954992644283857,-2.280259846982216,11.410745339404265,0.99749979802990429,-0.59100819412338357,-0.076652710142877431,1.3201212713029913
8.6578654269516324,12.676676918380448,5.7793396577999756,1.6029276445325946,-1.8069587446641591,0.72082840113638547,-2.3400726434190311
-0.68839197710571776,29.668245380765256,1.8520830796807253,0.95568760347664861,-0.049684434778249513,0.92853478675179002,0.74991911999107419
-13.99996071731346,46.104001120755086,15.829550716703613,3.6685821474406746,-2.1720050839360647,-1.4077644499054716,-0.47440114835433916
3.6745522352410163,11.781835173569682,-23.944127028997187,3.2976172201099065,-0.09655907385550111,-1.5165544738002554,0.10716178144251079
15.672564639467163,-10.968915254496812,3.889606520915986,4.4719432935609689,-0.36926490537186174,0.32126605088331672,-0.55984122362613786
28.473901711845315,10.03938638248013,-2.6342500174967296,1.5529059292132426,1.1373291120657993,-1.2666537176566366,-0.41366551349688152
-9.5095974155002558,13.171251610901971,19.942015897993162,3.3857418607253704,-1.3563418268353857,-2.7641671996039152,1.2372656843238949
-23.488910587300921,19.884104766528385,-5.3327382094606062,4.1468597589499208,-1.6342129999044777,-0.10961111160553857,-0.59541663802645384
32.523120648764063,22.336617848798067,-8.7157806935824826,6.0590252591766669,-0.5839145820234356,0.15737694236825026,-0.037725021364460383
9.4081979729068408,-16.298279277315455,-6.9103997185167509,5.6056151782172856,-0.78416737925543645,-0.27557214148458442,0.16511640222193166
1.6497197134918682,8.355773079619496,-17.572440085643368,4.2946532240464315,0.55075114079957221,1.1616985428617981,0.40055849809502525
17.064008227023571,13.240629002101477,23.661582237778546,1.5155504714796006,1.2848060974599067,1.0373868732023583,0.68711698265409216
-17.535775744067617,-1.8286150129123953,2.7774376046496108,5.5261771689775374,-0.63691646189761308,-0.64291106774888906,0.53061722885669826
-10.571284177836134,-17.359666089011281,-8.1466145674356714,3.532034689630529,-0.30419929130437767,-1.7038684311765635,-0.65461935350871836
13.350495329186327,1.1283820306793049,-7.4040125783726927,3.3495239417938301,1.457406599167179,0.12805706625647087,0.41868760162246615
10.587707504369485,-10.449689646086307,-2.234087097276626,4.2633861035283971,1.5251484964535467,1.4099102212303212,1.2698011224692458
1.8424351975440572,-22.278520507901504,-3.9649739630109373,2.3784821339052025,0.48943912188036204,-0.59470603265323807,2.0968877264531187
4.3121067427972877,16.744740873977964,-1.4761999071040359,4.8833313616679872,0.83774011481279709,-1.1632121351693026,-1.0504524165154256
15.156498443386866,-14.527265292036402,-6.6144318182255519,1.1095694405301888,-0.13245673600021346,-1.1274813679098539,1.0406611020614345
-1.4642215260534783,11.544027589544806,-20.482541950300138,0.055771251436440322,-0.3281164270936322,-1.903771092568985,-0.58579063856143943
22.647660091395224,20.579968770073286,-2.8531946599674676,1.5532771158438463,-0.54186002744523698,-1.4259132162416401,-1.5524327217420408
14.021635295191542,12.448968185121405,-7.1170445226609571,0.23454175919256692,-0.72998845119321709,-1.3552714332868769,0.23851456310466249
10.325717112850537,9.2606182149469642,-12.849801491557695,1.676642853640812,-0.68574398981335571,0.85074558095616692,0.41346651425178826
18.578969266942252,-0.75276887464781583,7.026127906827246,1.3339019760800139,2.2637058719852918,0.050386243947318429,-1.773241832712154
26.73596170593105,-1.8087081607221607,-25.70791157420226,1.9645348997622132,-2.3248231693939334,-1.7934086888763534,-1.2809773945531346
-3.4977174066198367,0.86353369629872101,-1.4184123173644407,1.7988937032904078,-0.88432700362368122,-0.49939460822706844,1.3406267988679657
-27.148140052312222,-5.1634272734273896,24.830603651592988,4.2045704142142757,1.4514041554879251,0.30685820725468144,0.72302066234404483
-5.674551561054284,2.372621550378919,20.36099627039512,6.214899075954869,0.71912477339890157,-0.27749943021304668,1.2784917209531486
27.055517366831456,-7.6966581229984907,7.0235422464896562,5.764203241464247,0.11851500772239473,-0.72147191985678494,-0.98677311954516822
-18.668969258032352,-7.0764640273708022,-12.87560731686181,0.42303701624442458,-0.88707077324621508,0.70897958091813873,0.21026586938397984
25.885322989028491,12.188735903619293,-21.674875765352166,3.566930525913107,-0.38106900794000198,0.40986834987701426,-1.0004059642616936
16.017529931011595,-27.575722690498665,-0.11112477533392563,3.7676045352482217,-1.584308522513689,1.3861854304815227,1.6254221425212905
-3.5501359640755497,6.6957507076488394,15.163374706371854,3.6472024820655293,0.5588137950134181,0.79287579994930379,-0.68088331589572137
-16.920854651080063,26.342546779122774,-2.3941316425380754,4.3213391925899245,1.1100257704221765,-0.17856421724867144,1.3401494184026406
12.296718860204138,-8.8972616186256968,-4.1188028704618258,3.6553872702358281,-0.50970547253222298,-0.021746033222078374,-0.8431945590904385
-7.3802714110403684,36.808353141020866,15.905188427659599,4.1740608543215494,-2.2144358657603496,0.11732460743954926,1.3810036575917439
-21.057665391498553,22.709480137834294,-20.171704263262878,2.2504822376062346,0.10226017366834496,-0.14577673526028709,1.1143312123806812
-3.228315693335829,-2.008673139450956,15.878212847839185,3.536030269417028,-0.17489314957877614,0.94873434526116762,0.55909330663322654
-5.5654571985390158,-6.320731442739695,25.154951968217517,4.4189925985969589,-0.078539520653745212,0.45364433049696834,0.31452373623904512
18.344716021804807,-2.0538442801365706,-10.322185375241714,2.7412734382724437,0.86496006081244181,1.0214059586696076,-0.81071363687661713
19.543994849033439,-8.7138749530872133,17.928095076018938,4.477454051083761,-0.1079047440645909,0.16536765037024373,-1.5932145908557005
-11.570981950264422,-10.48284964778462,-24.726538634490911,3.6868564010985385,-0.58215979494144166,-0.88313221109630724,-0.94455701237734713
26.491986000627929,19.145740001362142,22.077623047111,0.82206790089537862,1.3942084024596633,0.069081824529048166,0.54576649459148285
-24.685197072318761,20.944129486072196,22.923986316458429,1.0404786600109628,-0.18645473113534017,1.057329724221866,0.29693967623037731
1.7575363738738377,18.82900743103513,-9.7456790142126,6.0817556049010424,-2.082168051514687,-1.2236074203099701,1.335886793814318
-27.4843521314898,-21.342661280355479,13.090247239250342,1.018743747351847,-0.22915148004083785,0.17790460095272645,-1.6397495454880349
21.638978671848623,6.407764678637129,-13.38976265466119,1.1394595699093955,0.50920546172156178,0.33121592281067297,-1.4237230599245114
3.9635532486261278,4.4796844654581651,5.9450645591521596,5.8203524680307321,-0.6988024087603405,0.094806723093820475,-0.71325368207733064
3.2842593934099447,27.411497974831374,17.351295590544776,2.5884066385533258,-0.47083977272208921,1.1655752385754274,0.7308132345185635
11.87061385380095,17.610285130846695,4.3654285314917214,3.9629017194959237,-1.080529992866788,0.050042478399914034,0.21941572064753645
3.1641858206282683,6.2225631220019286,10.059339427946895,3.7436402391720227,0.25687833512240915,-0.259647278463567,1.1559294804227374
-1.4467310565515883,-4.2748576401926384,-3.0008376017259293,0.061201963426788318,0.42050299327670854,0.97937439533636061,0.2151363980352978
-4.1500607782919463,11.002026779063339,-22.32573316538236,5.5373444430249368,0.056912514401732658,0.90410377620629423,-1.5327660583638349
-18.742810472133375,-29.290979424617369,-4.0062130787295667,2.7227141474034067,-1.7190241638583472,2.3626852188075302,0.084974482880721805
24.724485982966272,-11.450477904688084,1.350007098753071,3.2290079646195267,0.63770619213512614,0.90366797876004512,-0.30386651637881351
-5.7616528754393617,5.6585034216703098,-0.40064585026643451,4.275316758886281,-0.80709768524861858,0.48601089668364156,-0.2910124559835881
11.911382628096101,23.382901646711154,-9.4495805678601297,3.1965519919927439,-0.36338187514998099,1.1326517622437833,1.02599334065045
36.990254230113138,-4.593684924386265,-6.9541834322664151,4.0958888940074427,0.64249155329326768,-0.26942096442582358,1.4355129567064062
-5.2335490220255272,-27.201352817791449,3.7838000868990527,1.327966673069638,0.69223306434507725,-1.2188449739475953,-0.75647391178997248
-5.5418000464077704,-2.1048312512888736,10.83537550251002,3.9791477304881444,1.4709749687516154,0.29606055498869449,-0.17503655771866608
17.766518889415057,-24.947033802172861,-18.126657711573127,4.5192749998257797,0.17388084417337554,0.27119497758961641,-1.1776718713624876
-12.707271840564214,20.930349368875191,-20.622412971806963,2.5205474532431533,1.0164882016405312,0.65553794821313482,1.2600050046920104
-16.47833344528355,13.306377376372529,8.3766646664021778,5.399384378216399,0.53231484381985628,-1.3837117387116997,0.085596058168481953
2.8151653425633012,13.880495743223609,-32.003183051008342,1.224570756604165,-1.1103629302785807,0.67715182482155289,0.41272540290936616
-7.3547710325108877,16.516811585991938,-4.3861144937109158,4.4188116026043911,0.20436796371398105,0.34888282790670955,0.38429753749443823
30.116288876558247,8.0989637117171007,-20.727224305913083,2.1105062321771451,-0.17484393767433704,-0.66215370843389643,-1.4071969841197565
-16.337745689202777,-8.3362960925208576,-21.420340342386964,4.0943473924071068,-0.66688398782818248,-0.33689962633594761,-0.3597333687530257
-10.710985751072334,2.0140004632451691,6.2015730102244531,2.8895743101113389,0.2276347306643379,0.44891200324053376,0.23161782316629825
9.3003308753071305,-8.776554032797053,-10.912262280821668,6.1757397641231604,0.18448213378683301,-1.493519108059568,1.3767536882892932
-21.649433358751949,18.158797841388136,-5.4405919990663909,6.0601411574899373,0.8121611057967143,-0.43469462580442753,-0.16366343702053696
-24.87353631087419,-13.721873492180913,11.720274810994439,4.541522551402748,-1.0315433589766958,0.12591868896831093,-0.86402039960940469
-12.523504797084902,2.9981827404907975,6.4532689258511784,6.2726161450522744,-0.15436676795879664,0.42555121552578895,0.42313310432526779
-4.6819139290465941,-14.370298611569941,-20.148592548196465,6.1719301192741662,-0.86460484619004918,1.9470560366013447,-1.272432892251073
-6.2174448904660178,-5.5355049777162124,-2.2623048744846952,0.50157309235962932,0.047785479683744608,1.002315913299012,1.3424352815099871
-16.187848921618539,-15.061475891964546,8.2766995012800546,3.4541804498237245,1.3556381601638574,0.13283886781179968,-0.12658079871003086
-16.984387298906402,14.75580966836085,-0.84554185841630458,4.3056165084671543,0.89914028466165385,0.66300561152277304,-0.086418475125799379
-17.040325757661087,20.216294301656504,23.085669862616623,0.37716415110376217,0.68766242662664911,0.069294409400237039,-1.626586452809621
7.1363330947125778,-15.449676857092999,20.343143384080882,2.5792917480744535,0.74660377065985839,-2.0405061819662436,2.2239149335418102
-5.4468402673209484,18.419864784264384,16.603146329737775,4.2271317521219745,-0.84585682467488232,0.49069837195064792,-0.55307735042001172
-1.7053403557623332,-16.617700432466794,0.70593891521064078,1.6096581225413782,-0.69524698543536045,0.66993690652064852,-0.12790428950933908
7.9087750864923745,-0.30551998939353631,12.681890142699329,2.1167187341729283,0.46414517727754895,-0.91355131134787959,0.64825692743288632
-11.909516425139529,17.859254310514775,-4.0079384952977479,3.3748965814535379,2.1995407892339625,-0.32300364168810253,-0.33871181415979978
-9.5459450346212584,65.749671610591307,15.06971475548019,0.075973247392287474,0.24026619547524727,0.74073350280221884,-0.84544752826429137
15.216475283691585,-9.5653988549876292,-5.7504679607416502,2.1596947502304005,0.89988837818682332,0.62834285302123094,0.19197676974339678
12.197312265633514,-10.520024009409314,12.637195252417809,0.7541599214859287,-0.20309876381224012,0.60776223296179066,-0.16175035830268192
-7.118850471231104,25.123346734512694,-0.59065483745694281,4.3835108310992279,1.2432774982104315,0.61883661566241288,0.80520390036950951
-3.4638643357291992,-11.892539153416582,0.47067224976774841,4.1866096188256554,-0.29395458441924149,-1.1020589145717112,-0.026433129787402268
-0.54888264846859514,-34.73683392133686,-26.88898927122278,3.6690147139176652,0.93659852281381606,0.1070764619483319,0.51948718976356967
11.826659734878813,-4.8536786617401706,-1.5860395008351864,3.4960044604752958,0.90772412475684261,0.53649889173339782,-0.27946501023028064
0.44279941724443889,-22.034423090599617,-4.8655906743851043,3.1590290824477707,0.73309127294165022,-1.0158417706835847,0.15579012563176306
6.1812735508498662,-4.3518599755882237,-6.0313791286279042,0.9737757366540104,0.32089986771883239,1.6591121405452702,1.4875028065051006
-0.54237649898183982,-46.783956841321974,0.84103400608160239,4.1798371548217164,-0.56324308499045139,1.5732080598839386,0.55011945970922249
17.085492742131951,17.16427651229672,15.218032882712668,2.6393430817556789,-0.11050258529825678,-1.1354631386099665,0.71673107404422876
25.939650724569585,12.536998740870198,13.503607939260563,0.47558956266204117,-0.44572484582238381,-0.19864239735789677,0.50876668385635149
16.739768759756963,26.028581933021712,-22.112542247026141,5.8624251769831606,0.39917999231326096,0.76611042148243447,-1.9869826626593234
-3.0116580138154339,5.3801633257354915,-12.937844307139324,0.6942054942051068,-0.81875425748123332,0.31421068287691833,0.55624599511391404
8.6356654512019713,-3.4428631662864002,-6.2403861862063197,5.9872607221670533,1.2315074649407842,2.1753371716675445,-0.63766479712774693
-1.768784905293713,26.599372548838655,7.700293612313363,5.590500944493809,-1.3867498638357021,-0.72330299305506185,-0.30865295647408958
15.925019003687575,-24.440016873876694,15.106157824919638,1.6055206085731084,-0.74701687381891513,0.21429385795795713,-0.43879839384725089
2.6076127236508548,-24.926187015087152,15.85839440607581,5.530424578982724,0.40597700059623959,-0.50850085617992802,-0.52974815677005604
-6.8359281996352106,6.4443119224231662,-2.2123427892563607,3.5804463721581343,-1.1038261593152228,1.3059410329204508,0.22606910103355388
2.8585669692491686,-5.4072117591410231,-5.731096853889591,2.947542927718942,-0.097904803864635487,0.98695204798661673,-0.42727104829933071
-13.402599090850668,-30.507541039987451,2.1604191409529347,4.9212079282070764,0.36932886043077606,1.2264014320178636,-0.5145554436091786
16.869268606458114,-16.840787273094229,-35.955974449559442,5.6234619137886659,-1.6311402892049292,-0.13426962517577412,0.41428943584709632
-3.8494304342095615,9.6767059434912532,12.453630719150761,1.0532027898769385,-0.15394281419931138,-1.1951888693483508,-1.5948678478550675
-8.202489822193888,-12.574210943871034,18.178810316600568,6.0857878476371381,0.99062237960778787,-0.73159060866365044,0.35810334876107158
19.433718200648453,25.406516728534562,-9.4773327973388479,2.2016487456708536,1.3686484540198127,-0.53360955164758372,0.70078470941038606
-7.9823165427201594,-12.876931215525685,-0.055366539922879592,5.1528022837175538,1.4056506279701997,-0.37962545573338891,-1.1222382354611053
-9.1459867356577131,24.655291093629884,-16.649516106357101,2.9382757865823219,-0.2697030510327264,0.73176057204550471,-0.25519802161650257
4.9728728530945379,6.5385253921055355,-22.664913627590927,2.6886339791246754,-0.44803783600864888,0.10021875162649015,1.4589896930770077
-2.9220836236225902,7.0008704955139791,7.0094933957196313,2.6972546597741198,-1.043462865394315,0.74984762719163811,1.5274013404606028
-12.814387974346506,6.6573773289693472,11.235104526849923,0.60833714505808278,-1.1388447694159145,0.47079471342334955,-0.38261319711609038
-33.729251609285214,-6.8307194288842403,10.135572052953776,2.8042264562412287,-1.4494786955728052,0.96768223678345289,0.14890067994053982
-15.145066524344061,5.0132689323032213,-34.864404094945847,1.0743336317976449,0.14694228007481655,-0.20416269705134277,0.82336665621379346
4.3165259980681299,15.065666522023136,-5.7207847933019691,6.1924838079828888,0.63157163826970553,1.7262088167985332,-0.55211136896308233
-28.127763160865108,-0.80981020088039168,25.835568888563003,1.5535953083256557,-1.2135107718739022,-0.35277806684485452,-1.0188424130012643
1.9494399707378827,-25.273258383237597,-15.826855653373704,3.6292696401236055,0.79047177629121856,1.5329910470920252,-1.7039529414345345
21.625839521058516,41.73993476750028,9.9803907465703432,2.696022447918772,1.1782626741815294,0.36890560247589638,-1.1564850458250795
0.74562442063565126,-6.2972791555108945,-29.708183975176727,5.3785503040310818,-0.14331874645077233,-1.5293719518661315,-0.89685994503115452
33.127191546156858,3.2299565518879541,2.2197143487926283,4.2718258818150678,-0.7680894938626569,0.081578100197425035,0.50217555112255419
34.225272861919812,4.8911032698180597,-32.373416714655988,0.77500429470113608,-1.0121484465853645,-1.0191820936891312,-0.64007379499632511
-38.941076574212907,51.407474855221608,-13.192493907361643,2.6298845114968228,-0.92091420633175891,-1.3681076222288993,-1.6270547978290635
-1.3949555837364156,-14.29932826591865,-8.7932751337197033,2.9734077459690287,1.3761858951514023,-0.35407040642160809,0.086966202438344117
-29.014661686154888,14.609982431161365,3.290409031081885,0.37905323178450157,0.89116868318380482,1.1650402755008398,0.045821720482436712
-8.749995404586528,-0.48171413638003707,8.9099035895022762,0.46973233583124147,-0.30210916571860208,1.8033726148807969,0.21647442020311508
3.6124776784816675,3.290342249190664,-2.1302270974508732,0.61296073010624241,0.92069213761765689,0.73655351262644442,0.61647418978084434
6.9212964047014358,7.8540404683532881,-21.064656422439878,4.4598663352018564,0.18556082631408694,0.51910813038919978,0.39821132255574077
9.8745508085987606,-33.759609716615998,-2.8248214087164181,2.3587436924137406,-0.16474198912668953,-0.48895090844189576,1.4523954835970621
1.9354538906693817,10.731516362023358,-1.4370111299955339,5.0924446864349937,0.1550829336800538,-1.3213370669921258,1.7866586870287009
-10.003399036608457,0.32764906514704645,-10.36853330055034,2.7538921990076948,-0.46079389102478158,0.051437237885345856,0.93545846586750614
16.13297727434362,-5.1842753832764297,9.9799620857849014,0.16071529891665909,-0.66114461020656756,0.56623261122338309,0.11793493043164086
0.83307650780039111,10.424884553534993,23.947868114960102,2.8592407690118744,-1.4399533157909596,-2.2368568917736273,-2.1379910056645892
2.4627348952372468,5.4816517921825705,-17.870601541507316,3.3206810799630282,-0.29033027288662594,-0.3982044572657828,-1.4551138904075802
20.129760242452967,-14.506662961960913,-3.8481194390233302,5.7059586096462871,1.106123028682874,0.9636995061290875,-0.14148815871481304
-21.541929268603301,8.3873739346994629,-9.5971813134084378,1.9464284002365653,-0.1917467381733905,-1.201329039905159,1.1731524424577429
-3.7089671869903178,23.110154202834501,0.27492622841381015,4.8436196208055211,-0.047865783791049284,-0.10027862258942863,-0.74848147808637122
-3.7918423075392056,-0.74349560131539871,29.255404665256922,3.2852680782234471,-0.50339761092346347,0.3114813554912873,-0.26532819945843972
-5.7759058814800337,-15.442412464106077,-8.9858654713713264,5.0189134554608117,1.2453134895691871,-0.50302225729178618,-0.33217406539441802
20.145434408175817,-0.79798700766943698,-1.9178232812351208,1.9230647728398671,0.078022752725038627,0.42138147440811297,0.03463539750934512
13.02849427435156,-18.497544378895338,-25.00785519348041,1.6404209594978154,0.083501773334148169,0.10320815635823836,-0.63070145902021402
-9.569879460221447,11.095053701524018,29.428916015993643,1.9623786414858362,-0.41780506320808714,-0.066359478400343647,0.672049408886088
-5.1647046379973149,-26.412725830234717,4.7600110069006476,4.9428423114969267,-0.97027940514176003,0.17501932587673019,-0.36582688546585929
12.93816464558107,-8.0011997251331373,11.240924066676282,6.2542577926983931,0.55040551381917768,0.28137650708947448,0.50181954462382417
-27.011629746732005,-14.616898823526554,-7.586910646082571,5.5804535802401523,-0.7614827290327455,-0.16656959957615089,0.80486576754563699
